lgfR0 	 Delta_chi2 	 -loglkl 	 avg_best_loglkl 	 initial_loglkl 	 omega_b 	 omega_cdm 	 H0 	 ln10^{10}A_s 	 n_s 	 aIA 	 etaIA 	 log10Mc 	 thej
4.8410400000 	 1.0247579320e+01 	 5.9474587173e+00 	 5.9474587173e+00 	 3.4365388093e+03 	 0.0224894577 	 0.1152341599 	 66.6910571733 	 3.123352709 	 0.9595003825 	 1.712339173 	 -0.3837126831 	 13.273731565 	 5.0750405199
5.2419500000 	 3.5948717221e+00 	 2.6211049185e+00 	 2.6211049185e+00 	 5.7783318214e+02 	 0.0224494356 	 0.1188374185 	 66.5130641319 	 3.0795237477 	 0.9596118244 	 1.7179373621 	 -0.4143513504 	 13.2522848062 	 4.1510305602
5.3010300000 	 2.6569474409e+00 	 2.1521427778e+00 	 2.1521427778e+00 	 3.8544005789e+02 	 0.0224462281 	 0.119255259 	 66.4383310028 	 3.0736794965 	 0.9596462767 	 1.7178182846 	 -0.4193735185 	 13.2323473782 	 4.1107015329
5.3880000000 	 1.8316033467e+00 	 1.7394707307e+00 	 1.7394707307e+00 	 1.8775700613e+02 	 0.0224474307 	 0.1196292667 	 66.2953173342 	 3.0676996396 	 0.9597220935 	 1.7168843497 	 -0.4243287416 	 13.1875981858 	 4.0702265132
5.5385400000 	 6.3105931898e-01 	 1.1391987169e+00 	 1.1391987169e+00 	 3.3531916197e+01 	 0.0224425521 	 0.1202489303 	 66.0329547433 	 3.0565892367 	 0.959802963 	 1.713781262 	 -0.4312116619 	 13.1182084089 	 4.021630069
5.8480000000 	 1.8873548614e-03 	 8.2461273482e-01 	 8.2461273482e-01 	 9.9357751380e-01 	 0.0224424397 	 0.121106612 	 65.6319981213 	 3.0410774 	 0.9599378417 	 1.7037840702 	 -0.4356339781 	 12.9579623794 	 4.1266635166
6.0827000000 	 4.6086936260e-01 	 1.0541037387e+00 	 1.0541037387e+00 	 1.6395538759e+00 	 0.0224452975 	 0.1216311557 	 65.4274518987 	 3.0311900121 	 0.9599671408 	 1.695729203 	 -0.4324808005 	 12.8654358039 	 4.2214449188
6.2456600000 	 8.4411083341e-01 	 1.2457244741e+00 	 1.2457244741e+00 	 1.5543242746e+00 	 0.0224440024 	 0.121748553 	 65.3561396816 	 3.0292077271 	 0.9600702246 	 1.6916002317 	 -0.4295622007 	 12.7996841568 	 4.3337628883
6.4191300000 	 1.3700380411e+00 	 1.5086880779e+00 	 1.5086880779e+00 	 1.9294120113e+00 	 0.0224439301 	 0.1221013389 	 65.3013848906 	 3.0232973079 	 0.9600257245 	 1.6880267365 	 -0.42522219 	 12.7888368638 	 4.3203331548
