#Omega_m S8 h log -fR0 sigma8
0.31315 0.6737 6.637499999999999 0.82172 
0.54725 0.78699 5.449750850242309 0.49342 
0.53961 0.68393 5.5117821821514665 0.63783 
0.10721 0.6109 5.4800841065694526 1.22974 
0.31592 0.68845 6.093096329407803 0.60111 
0.15741 0.71067 4.917480312517665 0.91175 
0.35339 0.78052 5.283684410685804 0.71886 
0.1124 0.79318 4.50604868109245 1.23413 
0.39303 0.752 6.146472741683142 0.72152 
0.18096 0.76132 6.038173753458866 1.03776 
0.42927 0.77667 5.34219386791715 0.5035 
0.40249 0.6912 5.8728465893020365 0.55523 
0.21286 0.70661 5.147800070195659 1.06687 
0.34671 0.70056 4.900564538643654 0.78191 
0.15464 0.77273 5.387626268490545 0.9339 
0.28172 0.64968 5.303259295300883 0.71367 
0.37032 0.76204 5.556690064324201 0.61264 
0.41627 0.63427 4.842392146638332 0.74242 
0.32331 0.81749 5.434728475767002 0.85987 
0.47784 0.66724 5.17131110851022 0.56403 
0.20509 0.64437 5.235754356155933 0.75641 
0.44103 0.62046 5.205640936343512 0.50237 
0.46403 0.80296 5.850125320505315 0.5862 
0.13644 0.62473 5.97960142267182 1.25837 
0.18832 0.80174 4.777809161097388 0.85396 
0.12066 0.69563 5.6097857841613346 1.31591 
0.28854 0.73943 5.060274631218847 0.65331 
0.45016 0.71954 4.6627444556175215 0.72241 
0.17155 0.62768 5.802526464985223 1.13936 
0.51949 0.74473 5.013395747648563 0.59577 
0.43909 0.67856 5.750207493952544 0.61327 
0.49786 0.80806 5.736664609855958 0.58288 
0.40909 0.73799 5.916845098249946 0.54179 
0.23227 0.60028 4.720390083655901 0.86433 
0.3839 0.6557 5.647288929483971 0.61174 
0.26234 0.76998 5.996169096841364 0.88665 
0.25453 0.66918 4.749836258228191 0.76212 
0.29762 0.673 5.627373326522063 0.79347 
0.22423 0.64603 4.8575855032202595 0.88911 
0.30799 0.66001 5.930631647501346 0.71046 
0.51288 0.79098 5.106243784522583 0.61834 
0.14061 0.73101 4.968878466868297 1.17125 
0.33782 0.72256 6.097962823596144 0.66702 
0.5252 0.81347 4.633026351752943 0.66452 
0.19435 0.63911 4.563087133198916 1.01717 
0.26963 0.75511 5.02280014954451 0.91366 
0.49135 0.60766 4.587282480039009 0.50927 
0.47207 0.61562 5.681602720782489 0.58056 
0.24424 0.71436 6.174880398438144 0.85676 
0.36187 0.72861 4.693399145589553 0.56321 
