5.113713177409081982e-03
5.348956759836023291e-03
5.595022134794776746e-03
5.852407131779300588e-03
6.121632481684098973e-03
6.403242870325839137e-03
6.697808040429575026e-03
7.005923944309228740e-03
7.328213949574054892e-03
7.665330100300828120e-03
8.017954436222909237e-03
8.386800372605423756e-03
8.772614143598150491e-03
9.176176311986106518e-03
9.598303348392681761e-03
1.003984928312975922e-02
1.050170743403737277e-02
1.098481221380805291e-02
1.149014102045276160e-02
1.201871621473294197e-02
1.257160718855934202e-02
1.314993252854241255e-02
1.375486227907141666e-02
1.438762030950077597e-02
1.504948679023297362e-02
1.574180078270744770e-02
1.646596294853538284e-02
1.722343838326153079e-02
1.801575958048617920e-02
1.884452953234402178e-02
1.971142497261292592e-02
2.061819976901377305e-02
2.156668847156448937e-02
2.255881002416734032e-02
2.359657164693843359e-02
2.468207289713415450e-02
2.581750991689026054e-02
2.700517987636764233e-02
2.824748562129397733e-02
2.954694053430371309e-02
3.090617361991199533e-02
3.232793482341010660e-02
3.381510059444323146e-02
3.537067970652684606e-02
3.699781934427540803e-02
3.869981147065861687e-02
4.048009948716754097e-02
4.234228520036492638e-02
4.429013610891432279e-02
4.632759302583058098e-02
4.845877805137315669e-02
5.068800291271218644e-02
5.301977768724015078e-02
5.545881992717782705e-02
5.801006420393452906e-02
6.067867209153311736e-02
6.347004260929732522e-02
6.638982314492895831e-02
6.944392088007363129e-02
7.263851474149130016e-02
7.598006790201070060e-02
7.947534085655830194e-02
8.313140509971790604e-02
8.695565743249177026e-02
9.095583492720879515e-02
9.514003058085536424e-02
9.951670968849926635e-02
1.040947269699312033e-01
1.088833444841751791e-01
1.138922503681110143e-01
1.191315784371201059e-01
1.246119286874100701e-01
1.303443887414973412e-01
1.363405562802359750e-01
1.426125625067751757e-01
1.491730966899180444e-01
1.560354318365359261e-01
1.632134515449780165e-01
1.707216780938045908e-01
1.785753018226728661e-01
1.867902118648162302e-01
1.953830282932946805e-01
2.043711357460531453e-01
2.137727185978164635e-01
2.236067977499790194e-01
2.338932691129219366e-01
2.446529438586125260e-01
2.559075905249236227e-01
2.676799790568576976e-01
2.799939268737764442e-01
2.928743470558382578e-01
3.063472987471326237e-01
3.204400398774840397e-01
3.351810823095912051e-01
3.506002495230716720e-01
3.667287369521174401e-01
3.835991750988332338e-01
4.012456955499452693e-01
4.197040000304450014e-01
4.390114326338717121e-01
4.592070553753690443e-01
4.803317272203712629e-01
5.024281867488059605e-01
5.255411386220566472e-01
5.497173440276221790e-01
5.750057152844556541e-01
6.014574148003868359e-01
6.291259585818312905e-01
6.580673245052054421e-01
6.883400655690979919e-01
7.200054283563234181e-01
7.531274769455257312e-01
7.877732225230270613e-01
8.240127589571433209e-01
8.619194046092569783e-01
9.015698506685553282e-01
9.430443163105363125e-01
9.864267109931924571e-01
1.031804804219226268e+00
1.079270403107750687e+00
1.128919538134733003e+00
1.180852657417958529e+00
1.235174829939594821e+00
1.291995958117496013e+00
1.351431000155321582e+00
1.413600202621315249e+00
1.478629343726288514e+00
1.546649987792996228e+00
1.617799751431746147e+00
1.692222581960745487e+00
1.770069048634481890e+00
1.851496647269335494e+00
1.936670118882733993e+00
2.025761782990501469e+00
2.118951886236716486e+00
2.216428967061420785e+00
2.318390237143947985e+00
2.425041980393599861e+00
2.536599970294894479e+00
2.653289906451734570e+00
2.775347871213693640e+00
2.903020807308263063e+00
3.036567017445369387e+00
3.176256686904946225e+00
3.322372430164842516e+00
3.475209862674985217e+00
3.635078198934572846e+00
3.802300878082315538e+00
3.977216218265395398e+00
4.160178101111030813e+00
4.351556687685439684e+00
4.551739167388711316e+00
4.761130541300707897e+00
4.980154441562826051e+00
5.209253988453386164e+00
5.448892686890618009e+00
5.699555364177021133e+00
5.961749150882327264e+00
6.236004506849502249e+00
6.522876294399605257e+00
6.822944900906750654e+00
7.136817413014320266e+00
7.465128844868057278e+00
7.808543422850945603e+00
8.167755929419117322e+00
8.543493108757553856e+00
8.936515137099462436e+00
9.347617160684023929e+00
9.777630904464039929e+00
